N_DEPTH = 1, N_ESTIMATORS = 500

N_COMPONENTS	CV_ACCURACY_MEAN	CV_ACCURACY_STD
10		0.884626638123 		0.0052239284657	
11		0.885049942278 		0.0028878616679
12		0.891703590555 		0.00256958307735
13		0.891655190784 		0.00270767565285
14		0.892538325051 		0.00398003716702
15		0.893143197915 		0.00279819203217
16		0.893626973271 		0.00381045318463
17		0.894534496234 		0.00315213769446	
18		0.894848961631 		0.00350100028701
19		0.897619281949 		0.00405869637755
20		0.898502555261 		0.00352224566332
21		0.898296650567 		0.00321078482557
22		0.897619317082 		0.00299781913817
23		0.898441942125 		0.00307906975649
24		0.899324988577 		0.00203070686237

NO PCA 		0.908543160805 0.00258725838428

MAX_TREE_DEPTH	ACCURACY_POSITIVE	ACCURACY_NEGATIVE	PRECISION		RECALL		F1_SCORE

1 		0.818181818182 		0.90894078215 		0.0911976559639 	0.818181818182 0.164103690685
2 		0.755750273823 		0.926775862702 		0.103355302576 		0.755750273823 0.181842139939
3 		0.572836801752 		0.964293141201 		0.151946542708 		0.572836801752 0.2401836969
4 		0.39978094195 		0.988293434782 		0.276096822995 		0.39978094195 	0.326621923937
5 		0.294633077766 		0.99635469547 		0.47442680776 		0.294633077766 0.363513513514
6 		0.243154435926 		0.997675812548 		0.538834951456 		0.243154435926 0.335094339623
7 		0.240963855422 		0.99794492899 		0.567010309278 		0.240963855422 0.338201383551
8 		0.222343921139 		0.998128417473 		0.570224719101 		0.222343921139 0.319936958235

————————————————————————————————————————————————————————————————————————————————————————————————————————————————

ADA BOOST PROBABLISTIC (MAX_TREE_DEPTH = 1, N_ESTIMATORS = 100)

THRESHOLD	ACCURACY_POSITIVE	ACCURACY_NEGATIVE	PRECISION		RECALL		F1_SCORE

0.54 		0.801859799714 		0.98353491262 		0.417582417582 		0.801859799714 	0.549173300674
0.544444444444 0.786480686695 		0.984672251563 		0.430332681018 		0.786480686695 	0.556286364786
0.548888888889 0.770386266094 		0.986009677912 		0.447723965911 		0.770386266094 	0.566320494282
0.553333333333 0.754291845494 		0.987257591474 		0.46566570987 		0.754291845494 	0.575836177474
0.557777777778 0.736766809728 		0.988389664959 		0.483001172333 		0.736766809728 	0.58348675825
0.562222222222 0.71530758226 		0.989337447411 		0.496894409938 		0.71530758226	0.586424277965
0.566666666667 0.697067238913 		0.990264168031 		0.513164823591 		0.697067238913 0.59114346375
0.571111111111 0.669527896996 		0.991117172238 		0.525990446755 		0.669527896996 0.589142407553
0.575555555556 0.646280400572 		0.991864867284 		0.539081145585 		0.646280400572 0.58783344177
0.58 		0.6169527897 		0.992781056988 		0.557170542636 		0.6169527897 	0.585539714868

ADA BOOST PROBABLISTIC (MAX_TREE_DEPTH = 2, N_ESTIMATORS = 100)

THRESHOLD	ACCURACY_POSITIVE	ACCURACY_NEGATIVE	PRECISION		RECALL		F1_SCORE

0.55 		0.800071530758 		0.985872776002 		0.454674796748 		0.800071530758	0.579834110938
0.554444444444 0.788984263233 		0.987136485939 		0.474510647451 		0.788984263233	0.592612491605
0.558888888889 0.773605150215 		0.988126392055 		0.489588048891 		0.773605150215	0.599667313557
0.563333333333 0.756795422031 		0.989216341876 		0.508165225744 		0.756795422031	0.608045977011
0.567777777778 0.741058655222 		0.99018518616 		0.526422764228 		0.741058655222	0.615567439097
0.572222222222 0.719241773963 		0.991075048574 		0.542633567188 		0.719241773963	0.6185788988
0.576666666667 0.695636623748 		0.991859601826 		0.557146949298 		0.695636623748	0.618737076507
0.581111111111 0.67095851216 		0.992849507943 		0.580086580087 		0.67095851216 	0.622222222222
0.585555555556 0.650572246066 		0.993528752034 		0.596784776903 		0.650572246066 0.622518822724
0.59 		0.621959942775 		0.994471269028 		0.62352097526 		0.621959942775 0.622739480752
		
ADA BOOST PROBABLISTIC (MAX_TREE_DEPTH = 3, N_ESTIMATORS = 100)

THRESHOLD	ACCURACY_POSITIVE	ACCURACY_NEGATIVE	PRECISION		RECALL		F1_SCORE

0.55 		0.818669527897 		0.985804325047 		0.459177532598 		0.818669527897 	0.58835625241
0.554444444444 0.798640915594 		0.987315511513 		0.481042654028 		0.798640915594 	0.600430223178
0.558888888889 0.782188841202 		0.988437054082 		0.498973305955 		0.782188841202 	0.609277058086
0.563333333333 0.767882689557 		0.989785011347 		0.525324198679 		0.767882689557 	0.623855876798
0.572222222222 0.73748211731 		0.991491019761 		0.560630777597 		0.73748211731 	0.637009576769
0.576666666667 0.716022889843 		0.992533580459 		0.585380116959 		0.716022889843 	0.644144144144
0.581111111111 0.686337625179 		0.993391850124 		0.604599873976 		0.686337625179 	0.642881072027
0.585555555556 0.658798283262 		0.99413954517 		0.623350253807 		0.658798283262 0.640584246218
0.59 		0.624821173104		0.995234760448 		0.65874811463 		0.624821173104 0.641336270191

ADA BOOST PROBABLISTIC (MAX_TREE_DEPTH = 4, N_ESTIMATORS = 100)

THRESHOLD	ACCURACY_POSITIVE	ACCURACY_NEGATIVE	PRECISION		RECALL		F1_SCORE

0.55 		0.798640915594 		0.986541489177 		0.466276884527 		0.798640915594 0.588793671721
0.554444444444 0.787195994278 		0.988073737475 		0.492834751455 		0.787195994278 0.606169099422
0.558888888889 0.779685264664 		0.988874087101 		0.507803400885 		0.779685264664 0.615037381859
0.563333333333 0.761087267525 		0.990095673373 		0.530805687204 		0.761087267525 0.625422483468
0.567777777778 0.750715307582 		0.991022393993		0.551787592008 		0.750715307582 0.636060606061
0.572222222222 0.726037195994 		0.991901725491 		0.568946188341 		0.726037195994 0.63796354494
0.576666666667 0.708512160229 		0.992628358704 		0.585921325052 		0.708512160229 0.641411688522
0.581111111111 0.687410586552 		0.993607733905 		0.612882653061 		0.687410586552 0.648010788941
0.585555555556 0.655937052933 		0.994534454525 		0.638579387187 		0.655937052933 0.647141848977
0.59 		0.630901287554 		0.995182105867 		0.658454647256 		0.630901287554 0.644383561644

ADA BOOST PROBABLISTIC (MAX_TREE_DEPTH = 5, N_ESTIMATORS = 100)

THRESHOLD	ACCURACY_POSITIVE	ACCURACY_NEGATIVE	PRECISION		RECALL		F1_SCORE

0.55 		0.749642346209		0.988579221449 		0.491441969519 		0.749642346209 0.593683614219
0.554444444444 0.723533619456 		0.989948240547 		0.514496439471 		0.723533619456 0.601367419738
0.558888888889 0.723175965665 		0.990975004871 		0.541220556745 		0.723175965665 0.619105939988
0.563333333333 0.714949928469 		0.991648983503 		0.55760111576 		0.714949928469 0.626547563078
0.567777777778 0.711373390558 		0.991854336368 		0.5625 			0.711373390558 0.628237523689
0.572222222222 0.688841201717 		0.992659951452		0.580120481928 		0.688841201717 0.629823413996
0.576666666667 0.678826895565 		0.993202293634 		0.595170899969 		0.678826895565 0.63425229741
0.581111111111 0.674892703863 		0.994018439634 		0.624214356599 		0.674892703863 0.64856504554
0.585555555556 0.645922746781 		0.994781931054 		0.645691812656 		0.645922746781 0.645807259074
0.59 		0.6169527897 		0.995213698616 		0.654897494305 		0.6169527897 	0.635359116022

ADA BOOST PROBABLISTIC (MAX_TREE_DEPTH = 5, N_ESTIMATORS = 500)

THRESHOLD	ACCURACY_POSITIVE	ACCURACY_NEGATIVE	PRECISION		RECALL		F1_SCORE

0.46 		0.801859799714 		0.964573998115 		0.24994425864 		0.801859799714 	0.381098079211
0.472 		0.77861230329 		0.979928073843 		0.363499749541 		0.77861230329 	0.49561752988
0.48 		0.740343347639 		0.985793794131 		0.434144295302 		0.740343347639 	0.547329455315
0.493333333333 0.679899856938 		0.99201230011 		0.556173200702 		0.679899856938 	0.611844222723	
0.5 		0.659155937053 		0.993807821311 		0.610467042067 		0.659155937053 	0.633877901978
0.51 		0.590844062947 		0.995703386216 		0.669367909238 		0.590844062947 0.627659574468
0.52 		0.533619456366 		0.996967096153 		0.721470019342		0.533619456366 0.613486842105

—————————————————————————————————————————————————————————————————————————————————————————————————————————————————————————————————————————————

Ν_ESTIMATORS	PRUNING_THRESHOLD	ACCURACY_POSITIVE	ACCURACY_NEGATIVE	PRECISION	RECALL			F1_SCORE

50		0.50 			0.913447782546 		0.956175592496 		0.234807391744 	0.913447782546 		0.373582973744
50 		0.51 			0.906294706724 		0.961004017545 		0.254929577465 	0.906294706724 		0.397927135678
50 		0.52 			0.897353361946 		0.965621824271 		0.27760566497 	0.897353361946 		0.424032448876
50 		0.53 			0.889842632332 		0.968644197202 		0.294681985076 	0.889842632332 		0.442744016372
50 		0.54 			0.884477825465 		0.972745989037 		0.323310236632 	0.884477825465 		0.47352800383
50 		0.55 			0.87339055794 		0.975921060253 		0.348111190306 	0.87339055794 		0.497808582204
50 		0.56 			0.862303290415 		0.9787907349 		0.374437024383 	0.862303290415 		0.522144017325
50 		0.57 			0.855865522175 		0.980933776334 		0.397904888593 	0.855865522175 		0.54324631101
50 		0.58 			0.834406294707 		0.983092614142 		0.420815295815 	0.834406294707 		0.559472422062
50 		0.59 			0.820100143062 		0.985283044698 		0.450668238994 0.820100143062 		0.58168442415
50 		0.60 			0.803290414878 		0.986620471048 		0.469187382494 	0.803290414878 		0.592377686931
50 		0.61 			0.787553648069 		0.98797895923 		0.490969899666 	0.787553648069 		0.60486196951
50 		0.62 			0.76895565093 		0.989158421837 		0.510810168686	0.76895565093 		0.613847251963
50 		0.63 			0.750715307582 		0.990516910019 		0.538205128205 	0.750715307582 		0.626941457587
50 		0.64 			0.719241773963 		0.991554205258 		0.556293222683 	0.719241773963 		0.62735922633
50 		0.65 			0.695994277539 		0.992538845917 		0.578650014868 	0.695994277539 		0.631920766358
50 		0.66 			0.657367668097 		0.993749901273 		0.607603305785 	0.657367668097 		0.631506613984
50 		0.67 			0.62017167382 		0.99492936388 		0.642936596218 	0.62017167382 		0.631348989623
50 		0.68 			0.572246065808 		0.995887677248 		0.671986560269 	0.572246065808 		0.618118601507
50 		0.69 			0.529685264664 		0.996761743288 		0.706583969466 	0.529685264664 		0.605478331971
50 		0.70 			0.476037195994 		0.997562092914 		0.741917502787 	0.476037195994 		0.579956427015	

100 		0.50 			0.915593705293 		0.958160670188 		0.243670283647 	0.915593705293 		0.384904525635
100 		0.51 			0.896638054363 		0.966053591832 		0.279986598168 	0.896638054363 		0.426723404255
100 		0.52 			0.878397711016 		0.97295660736 		0.323498419389 	0.878397711016 		0.47285329226
100 		0.53 			0.863376251788 		0.978459011042 		0.371099154497 	0.863376251788 		0.519083969466
100 		0.54 			0.838340486409 		0.982639784748 		0.415529161496 	0.838340486409 		0.555647742088
100 		0.55 			0.814020028612 		0.986141314364 		0.463732681337 	0.814020028612 		0.590861889927
100 		0.56 			0.783261802575 		0.988584486907 		0.502524093621 	0.783261802575 		0.612244897959
100 		0.57 			0.743204577969 		0.990980270329 		0.548140332366 	0.743204577969 		0.630939729771
100 		0.58 			0.691344778255 		0.993060126266 		0.594586281144 	0.691344778255 		0.639325285265
100 		0.59 			0.618741058655 		0.995124185829 		0.651355421687 	0.618741058655 		0.634629493764
100 		0.60 			0.542918454936 		0.996719619623 		0.709014479215 	0.542918454936 		0.6149483492

200 		0.50 			0.899856938484 		0.963394535508 		0.26573722011 	0.899856938484 		0.410306588389
200 		0.51 			0.874105865522 		0.975415576278		0.343596232251 	0.874105865522 		0.493288929256
200 		0.52 			0.837982832618 		0.983192657845 		0.423306233062 	0.837982832618 		0.562477493698
200 		0.53 			0.785050071531 		0.988879352559 		0.50963547713 	0.785050071531 		0.618048711812
200 		0.54 			0.699570815451 		0.993328664627 		0.606887992554 	0.699570815451 		0.649941850806
200 		0.55 			0.566165951359 		0.996414223055 		0.699204946996 	0.566165951359 		0.625691699605
200 		0.56 			0.39878397711 		0.998457220786 		0.791903409091 	0.39878397711 		0.530447193149
200 		0.57 			0.248211731044 		0.999462923277 		0.871859296482 	0.248211731044 		0.386414253898
200 		0.58 			0.144492131617 		0.999789381677 		0.90990990991 	0.144492131617 		0.249382716049
200 		0.59 			0.0561516452074 	0.999942079961 		0.934523809524 	0.0561516452074 	0.105937921727
200 		0.60 			0.0125178826896 	0.999989469084 		0.945945945946 	0.0125178826896 	0.0247087892693

300 		0.50 			0.889484978541 		0.967880705782 		0.289623850006 	0.889484978541 		0.436967407538
300 		0.51 			0.852646638054 		0.981049616411 		0.398462309878 	0.852646638054 		0.543114249915
300 		0.52 			0.767882689557 		0.989437491115 		0.516975680231 	0.767882689557 		0.617930637502
300 		0.53 			0.64556509299 		0.995166309493 		0.662871832538 	0.64556509299 		0.654104004349
300 		0.54 			0.418097281831 		0.998488813534 		0.802884615385 	0.418097281831 		0.549858889934
300 		0.55 			0.216380543634 		0.999578763355 		0.883211678832 	0.216380543634 		0.347601264005
300 		0.56 			0.0947782546495 	0.999847301716 		0.901360544218 	0.0947782546495 	0.171521035599
300 		0.57 			0.0371959942775 	0.999989469084 		0.981132075472 	0.0371959942775 	0.0716747070986
300 		0.58 			0.0250357653791 	0.999963141794 		0.909090909091 	0.0250357653791 	0.048729550992
300 		0.59 			0.0168097281831		0.999989469084 		0.959183673469 	0.0168097281831 	0.0330404217926
300 		0.60 			0.00786838340486 	1.0 			1.0 		0.00786838340486 	0.0156139105749

BEST - FINE GRAINED SEARCH (MAX_TREE_DEPTH = 3)

Ν_ESTIMATORS	PRUNING_THRESHOLD	ACCURACY_POSITIVE	ACCURACY_NEGATIVE	PRECISION	RECALL			F1_SCORE

200 		0.530 			0.776466380544 		0.988779308856 		0.504649000465 	0.776466380544 		0.611721611722
200 		0.531 			0.773247496423 		0.989448022031 		0.518963034085 	0.773247496423 		0.621085894858
200 		0.532			0.761802575107 		0.989906116883 		0.526315789474 	0.761802575107 		0.622533976326
200 		0.533 			0.765379113019 		0.990374742651 		0.539314516129 	0.765379113019 		0.63276167948
200 		0.534 			0.751072961373 		0.990616953722 		0.540958268934 	0.751072961373 		0.62893081761
200 		0.535 			0.744992846924 		0.991290932355 		0.557398983142 	0.744992846924 		0.637685596204
200 		0.536 			0.737124463519 		0.991675310794 		0.56589785832 	0.737124463519 		0.640260950606
200 		0.537 			0.729256080114 		0.991922787323 		0.570668905682 	0.729256080114 		0.640288899356
200 		0.538 			0.720314735336 		0.992380882175 		0.581912741982 	0.720314735336 		0.643758989931
200 		0.539 			0.706366237482 		0.992849507943 		0.592559255926 	0.706366237482 		0.644477076195
200 		0.540 			0.703862660944 		0.993186497259 		0.603310852238 	0.703862660944 		0.649719379333
200 		0.541 			0.685622317597 		0.993770963105 		0.618387096774 	0.685622317597 		0.650271370421
200 		0.542 			0.673104434907 		0.99400264326 		0.622972525654 	0.673104434907 		0.647068935878
200 		0.543 			0.665951359084 		0.994313305286 		0.63290278722 	0.665951359084 		0.649006622517
200 		0.544 			0.655221745351 		0.994560781815 		0.639441535777 	0.655221745351 		0.647235470765
200 		0.545 			0.631258941345 		0.995045203958 		0.652254249815 	0.631258941345 		0.641584878226
200 		0.546 			0.626251788269 		0.995308476861 		0.662755488266 	0.626251788269 		0.643986759838
200 		0.547 			0.615522174535 		0.995655997093 		0.675962293794 	0.615522174535 		0.644327967054
200 		0.548 			0.59799713877 		0.995877146332 		0.681059063136 	0.59799713877 		0.636831079794
200 		0.549 			0.577610872675 		0.996387895765 		0.701868752716 	0.577610872675 		0.633706101628
200 		0.550 			0.569027181688 		0.996477408552 		0.703982300885 	0.569027181688 		0.629351265823

300 		0.527 			0.684191702432 		0.993628795737 		0.612552033301 	0.684191702432 		0.646392971786
300 		0.528 			0.67095851216 		0.994092156047 		0.625750500334 	0.67095851216 		0.64756644805
300 		0.529 			0.659513590844 		0.99462923277 		0.643854748603 	0.659513590844 		0.651590106007
300 		0.530 			0.641988555079 		0.995076796706 		0.657509157509 	0.641988555079 		0.649656170829
300 		0.531 			0.624821173104 		0.995508564268 		0.671923076923 	0.624821173104 		0.647516679021
300 		0.532 			0.599427753934 		0.995956128203 		0.685761047463 	0.599427753934 		0.639694656489
300 		0.533 			0.586909871245 		0.996198339275 		0.694456199746 	0.586909871245 		0.636169800349

TRAIN-A AND TRAIN-B ONLY

MAX_TREE_DEPTH = 3

Ν_ESTIMATORS	PRUNING_THRESHOLD	ACCURACY_POSITIVE	ACCURACY_NEGATIVE	PRECISION	RECALL			F1_SCORE

50 		0.50 			0.851851851852 		0.974182528062 		0.206896551724 	0.851851851852 		0.332931242461
50 		0.51 			0.837962962963 		0.975512445095 		0.212941176471 	0.837962962963 		0.339587242026
50 		0.52 			0.831790123457 		0.979673011225 		0.244444444444 	0.831790123457 		0.377847879425
50 		0.53 			0.804012345679 		0.981503172279 		0.255768286696 	0.804012345679 		0.388081936685
50 		0.54 			0.802469135802 		0.98368716447 		0.280021540118 	0.802469135802 		0.415169660679
50 		0.55		 	0.813271604938 		0.984724255735 		0.296233839236 	0.813271604938 		0.434281005356
50 		0.56 			0.804012345679 		0.98649341142 		0.320024570025 	0.804012345679 		0.457820738137
50 		0.57 			0.771604938272 		0.987481698389 		0.327653997379 0.771604938272 		0.459981600736
50 		0.58 			0.748456790123 		0.988762811127 		0.344950213371 	0.748456790123 		0.472249269718
50 		0.59 			0.763888888889 		0.989433870181 		0.363703159442 	0.763888888889 		0.492782478845
50 		0.59 			0.763888888889 		0.989433870181 		0.363703159442 	0.763888888889 		0.492782478845
50 		0.60 			0.743827160494	 	0.990971205466 		0.394435351882 	0.743827160494 		0.51550802139

100 		0.50 			0.819444444444 		0.97701317716 		0.219875776398 	0.819444444444 		0.346718903036
100 		0.51 			0.796296296296 		0.982027818448 		0.259426847662 	0.796296296296 		0.391353811149
100 		0.52 			0.780864197531 		0.984687652513 		0.287336740488 	0.780864197531 		0.420091324201
100 		0.53 			0.763888888889 		0.987079062958 		0.318532818533 	0.763888888889 		0.449591280654
100 		0.54 			0.740740740741 		0.98897022938 		0.346820809249 	0.740740740741 		0.472440944882
100 		0.55 			0.726851851852 		0.991276232308 		0.397133220911 	0.726851851852 		0.513631406761
100 		0.56 			0.703703703704 		0.992532942899 		0.426966292135 	0.703703703704 		0.531468531469
100 		0.57 			0.679012345679 		0.993423621279 		0.449438202247 	0.679012345679 		0.540872771973
100 		0.58 			0.657407407407 		0.99425329429 		0.47491638796 	0.657407407407 		0.55145631068
100 		0.59 			0.595679012346 		0.995034163006 		0.486759142497 	0.595679012346 		0.53573907009
100 		0.60 			0.570987654321	 	0.996132259639 		0.538573508006 	0.570987654321 		0.554307116105

200 		0.50		 	0.742283950617 		0.984468033187 		0.274230330673 	0.742283950617 		0.40049958368
200 		0.51 			0.74537037037 		0.988238164959 		0.333794056669 	0.74537037037 		0.461097852029
200 		0.52 			0.694444444444 		0.991227428014 		0.38494439692 	0.694444444444 		0.495321959274
200 		0.53 			0.640432098765 		0.993435822352 		0.435466946485 	0.640432098765 		0.51842598376
200 		0.54 			0.58950617284 		0.994985358712 		0.481715006305 	0.58950617284 		0.530187369882
200 		0.55 			0.518518518519 		0.996644704734 		0.549918166939 	0.518518518519 		0.53375694996
200 		0.56 			0.33950617284 		0.997974621767 		0.569948186528 	0.33950617284 		0.425531914894
200 		0.57 			0.239197530864 		0.999036115178 		0.662393162393 	0.239197530864 		0.351473922902
200 		0.58 			0.126543209877 		0.999402147389 		0.625954198473 	0.126543209877 		0.210526315789
200 		0.59 			0.0586419753086	 	0.999743777452 		0.64406779661 	0.0586419753086		0.107496463932
200 		0.60 			0.0432098765432 	0.999804782821 		0.636363636364 	0.0432098765432 	0.0809248554913

300 		0.50 			0.706790123457 		0.987640312347 		0.31135282121 	0.706790123457 		0.432279377065
300 		0.51 			0.66049382716 		0.991715470961 		0.386630532972 	0.66049382716 		0.487749287749
300 		0.52 			0.570987654321 		0.994472913616 		0.44957472661 	0.570987654321 		0.50305914344
300 		0.53 			0.481481481481 		0.996827720839 		0.545454545455 	0.481481481481 		0.511475409836
300 		0.54 			0.375 			0.99798682284 		0.595588235294 	0.375 			0.460227272727
300 		0.55 			0.226851851852 		0.99897510981 		0.636363636364 	0.226851851852 		0.334470989761

(Ν_ESTIMATORS = 100)

MAX_TREE_DEPTH	PRUNING_THRESHOLD	ACCURACY_POSITIVE	ACCURACY_NEGATIVE	PRECISION	RECALL			F1_SCORE

1 		0.50 			0.882716049383 		0.970693020986 		0.192333557498 	0.882716049383 		0.315847598012
1 		0.51 			0.862654320988 		0.978233284529 		0.238583013231 	0.862654320988 		0.373788030759
1 		0.52 			0.83487654321 		0.98289409468 		0.278435409161 	0.83487654321 		0.417599382478
1 		0.53 			0.811728395062 		0.985858955588 		0.312166172107 	0.811728395062	 	0.450921560223
1 		0.54 			0.783950617284 		0.987920937042 		0.3391188251 	0.783950617284 		0.473438956198
1 		0.55 			0.753086419753 		0.989690092728 		0.366091522881 	0.753086419753 		0.492680464412
1 		0.56 			0.70524691358 		0.991630063446 		0.399825021872 	0.70524691358 		0.510329424902
1 		0.57 			0.658950617284 		0.993081991215 		0.429577464789 	0.658950617284 		0.520097442144
1 		0.58 			0.609567901235 		0.994387506101 		0.461988304094 	0.609567901235 		0.525615435795
1 		0.59 			0.555555555556 		0.995339189849 		0.485175202156 	0.555555555556 		0.517985611511
1 		0.60 			0.503086419753 		0.996449487555 		0.528363047002 	0.503086419753 		0.515415019763

2 		0.50 			0.882716049383 		0.97083943387 		0.193112761648 	0.882716049383 		0.316897506925
2 		0.51 			0.865740740741 		0.976842362128 		0.228141520943 	0.865740740741 		0.361120051497
2 		0.52 			0.859567901235 		0.981515373353 		0.268822393822 	0.859567901235 		0.409558823529
2 		0.53 			0.800925925926 		0.985114690093 		0.298447383554 	0.800925925926 		0.434855467114
2 		0.54 			0.820987654321 		0.987859931674 		0.348395546824 	0.820987654321 		0.489195402299
2 		0.55 			0.773148148148 		0.990068326013 		0.380988593156 	0.773148148148 		0.510443199185
2 		0.56 			0.756172839506 		0.991642264519 		0.417021276596 	0.756172839506 		0.537575425123
2 		0.57 			0.711419753086 		0.9932284041 		0.45374015748 	0.711419753086 		0.554086538462
2 		0.58 			0.675925925926 		0.9941556857 		0.477644492912 	0.675925925926 		0.559744408946
2 		0.59 			0.604938271605 		0.995119570522 		0.494949494949 	0.604938271605 		0.544444444444
2 		0.60 			0.547839506173 		0.996266471449 		0.53706505295 	0.547839506173 		0.542398777693

3 		0.50 			0.813271604938 		0.977745241581 		0.224159931944 	0.813271604938 		0.351450483494
3 		0.51 			0.807098765432 		0.980710102489 		0.248574144487 	0.807098765432 		0.380087209302
3 		0.52 			0.779320987654 		0.985407515861 		0.296884185773 	0.779320987654 		0.429970200085
3 		0.53 			0.770061728395 		0.987298682284 		0.324025974026 	0.770061728395 		0.456124314442
3 		0.54 			0.743827160494 		0.989470473402	 	0.358364312268 	0.743827160494 		0.483692925238
3 		0.55 			0.723765432099 		0.991203025866 		0.394117647059 	0.723765432099 		0.510337323177
3 		0.56 			0.694444444444 		0.992203513909 		0.413223140496 	0.694444444444 		0.518134715026
3 		0.57 			0.677469135802 		0.993167398731 		0.439439439439 	0.677469135802 		0.533090467517
3 		0.58 			0.662037037037 		0.994265495364 		0.477196885428 	0.662037037037 		0.554621848739
3 		0.59 			0.597222222222 		0.995522205954 		0.513262599469 	0.597222222222 		0.552068473609
3 		0.60 			0.53549382716 		0.996266471449 		0.531393568147 	0.53549382716 		0.533435818601

4 		0.50 			0.66975308642 		0.987188872621 		0.292452830189 	0.66975308642 		0.40712945591
4 		0.51 			0.671296296296 		0.989128843338 		0.328054298643 	0.671296296296 		0.440729483283
4 		0.52 			0.632716049383 		0.990702781845 		0.349829351536 	0.632716049383 		0.450549450549
4 		0.53 			0.632716049383 		0.991593460224 		0.373066424022 	0.632716049383 		0.469376073268
4 		0.54 			0.612654320988 		0.99303318692 		0.410123966942 	0.612654320988 		0.491336633663
4 		0.55 			0.578703703704 		0.993740849195 		0.422297297297 	0.578703703704 		0.48828125
4 		0.56 			0.586419753086 		0.994131283553 		0.441347270616 	0.586419753086 		0.503644797879
4 		0.57 			0.560185185185 		0.995021961933 		0.470817120623 	0.560185185185 		0.511627906977
4 		0.58 			0.516975308642 		0.995326988775 		0.466573816156 	0.516975308642 		0.490483162518
4 		0.59 			0.50462962963 		0.996364080039 		0.5232 		0.50462962963 		0.513747054203
4 		0.60 			0.486111111111 		0.996998535871 		0.561497326203 	0.486111111111 		0.521091811414

5 		0.50 			0.506172839506 		0.993948267448 		0.398058252427 	0.506172839506 		0.445652173913
5 		0.51 			0.490740740741 		0.994741337238 		0.424566088117 	0.490740740741 		0.455261274159
5 		0.52 			0.493827160494 		0.995034163006 		0.440165061898 	0.493827160494 		0.465454545455
5 		0.53 			0.487654320988 		0.995448999512 		0.458635703919 	0.487654320988 		0.472700074794
5 		0.54 			0.452160493827 		0.995436798438 		0.43928035982 	0.452160493827 		0.445627376426
5 		0.55 			0.452160493827 		0.996144460713 		0.481116584565 	0.452160493827 		0.466189339698
5 		0.56 			0.461419753086 		0.996364080039 		0.500837520938 	0.461419753086 		0.480321285141
5 		0.57 			0.432098765432 		0.99663250366 		0.503597122302 	0.432098765432 		0.46511627907
5 		0.58 			0.401234567901 		0.997462176672 		0.555555555556 	0.401234567901 		0.465949820789
5 		0.59 			0.399691358025 		0.997144948755 		0.525354969574 	0.399691358025 		0.453987730061
5 		0.60 			0.359567901235 		0.99762079063 		0.544392523364 	0.359567901235 		0.433085501859

BEST - FINE GRAINED SEARCH (Ν_ESTIMATORS = 100)

MAX_TREE_DEPTH	PRUNING_THRESHOLD	ACCURACY_POSITIVE	ACCURACY_NEGATIVE	PRECISION	RECALL			F1_SCORE

2 		0.570		 	0.712962962963 		0.993106393363 		0.449853943525 	0.712962962963 		0.551641791045
2 		0.571 			0.702160493827 		0.992996583699 		0.442176870748 	0.702160493827 		0.542635658915
2 		0.572 			0.711419753086 		0.993313811615 		0.456888007929 	0.711419753086 		0.556427278214
2 		0.573 			0.694444444444 		0.993435822352 		0.455465587045 	0.694444444444 		0.550122249389
2 		0.574 			0.700617283951 		0.993557833089 		0.462321792261 	0.700617283951 		0.557055214724
2 		0.575 			0.689814814815 		0.993570034163 		0.458932238193 	0.689814814815 		0.551171393342
2 		0.576 			0.66975308642 		0.993801854563 		0.460721868365 	0.66975308642 		0.545911949686
2 		0.577 			0.695987654321 		0.993838457784 		0.471757322176 	0.695987654321 		0.562344139651
2	 	0.578 			0.685185185185 		0.993997071742 		0.474358974359 	0.685185185185 		0.560606060606
2 		0.579 			0.668209876543 		0.994070278184 		0.471164309032 	0.668209876543 		0.552648372687
2 		0.580 			0.654320987654 		0.99402147389 		0.463894967177 	0.654320987654 		0.542893725992
2 		0.581 			0.655864197531 		0.994424109322 		0.481859410431 	0.655864197531 		0.555555555556
2 		0.582 			0.662037037037 		0.994338701806 		0.480403135498 	0.662037037037 		0.556781310837
2 		0.583 			0.651234567901 		0.994338701806 		0.476297968397 	0.651234567901 		0.550195567145
2 		0.584 			0.652777777778 		0.994424109322 		0.480681818182 	0.652777777778 		0.553664921466
2 		0.585 			0.62962962963 		0.994643728648 		0.481700118064 	0.62962962963 		0.545819397993
2 		0.586 			0.632716049383 		0.994960956564 		0.498177399757 	0.632716049383 		0.557443915704
2 		0.587 			0.637345679012 		0.994619326501 		0.483606557377 	0.637345679012 		0.549933422104
2 		0.588 			0.618827160494 		0.994802342606 		0.484885126965 	0.618827160494 		0.543728813559
2 		0.589 			0.62037037037 		0.995034163006 		0.496909765142 	0.62037037037 		0.551818805765
2 		0.590 			0.617283950617 		0.995070766227 		0.497512437811 	0.617283950617 		0.550964187328
2 		0.591 			0.606481481481 		0.99527818448 		0.503846153846 	0.606481481481 		0.550420168067
2 		0.592 			0.604938271605 		0.995400195217 		0.509752925878 	0.604938271605 		0.553281580805
2 		0.593 			0.604938271605		0.99537579307 		0.508430609598 	0.604938271605 		0.552501761804
2 		0.594 			0.600308641975 		0.995448999512 		0.510498687664 	0.600308641975 		0.551773049645
2 		0.595 			0.574074074074 		0.995754026354 		0.516666666667 	0.574074074074 		0.543859649123
2 		0.597 			0.561728395062 		0.995778428502 		0.512676056338 	0.561728395062 		0.536082474227
2 		0.598 			0.577160493827 		0.995827232796 		0.522346368715 	0.577160493827 		0.548387096774
2 		0.599 			0.558641975309 		0.996083455344 		0.530014641288 	0.558641975309 		0.543951915853
2 		0.599 			0.558641975309 		0.996083455344 		0.530014641288 0.558641975309 		0.543951915853
2 		0.600 			0.558641975309 		0.996107857491 		0.531571218796 0.558641975309	 	0.544770504138
2 		0.601 			0.54012345679 		0.996083455344 		0.521609538003 0.54012345679 		0.530705079606
2 		0.602 			0.54012345679 		0.996425085408 		0.54432348367 	0.54012345679 		0.542215336948
2 		0.603 			0.546296296296 		0.996290873597 		0.537993920973 	0.546296296296	 	0.542113323124
2 		0.604 			0.530864197531 		0.996571498292 		0.5504 		0.530864197531 		0.540455616654
2 		0.605 			0.537037037037 		0.996669106881 		0.56038647343 	0.537037037037 		0.548463356974
2 		0.606 			0.523148148148 		0.996620302587 		0.550324675325 	0.523148148148 		0.536392405063
2 		0.607 			0.5 			0.996791117618 		0.55195911414 	0.5 			0.524696356275
2 		0.608 			0.501543209877 		0.996827720839 		0.555555555556 	0.501543209877 		0.527169505272
2 		0.609 			0.478395061728 		0.997022938019 		0.559566787004 	0.478395061728 		0.515806988353
2 		0.610 			0.475308641975 		0.997181551977 		0.571428571429 	0.475308641975 		0.518955349621

MAX_TREE_DEPTH	PRUNING_THRESHOLD	ACCURACY_POSITIVE	ACCURACY_NEGATIVE	PRECISION	RECALL			F1_SCORE

3 		0.590 			0.615740740741 		0.995082967301 		0.497506234414 	0.615740740741 		0.550344827586
3 		0.591 			0.603395061728 		0.995290385554 		0.503217503218 	0.603395061728 		0.548771929825
3 		0.592 			0.604938271605 		0.995668618838 		0.524765729585 	0.604938271605 		0.562007168459
3 		0.593 			0.597222222222 		0.995265983407 		0.49935483871 	0.597222222222 		0.543921293043
3 		0.594 			0.606481481481 		0.995754026354 		0.53036437247 	0.606481481481 		0.565874730022
3 		0.595 			0.572530864198 		0.995741825281 		0.515277777778 	0.572530864198 		0.542397660819
3 		0.596 			0.574074074074 		0.995656417765 		0.510989010989 	0.574074074074 		0.540697674419
3 		0.597 			0.578703703704 		0.995863836018 		0.525210084034 	0.578703703704 		0.550660792952
3 		0.598 			0.555555555556 		0.996144460713 		0.532544378698 	0.555555555556 		0.543806646526
3 		0.599 			0.561728395062 		0.996083455344 		0.531386861314 0.561728395062 		0.546136534134
3 		0.600 			0.564814814815 		0.996022449976 		0.528901734104 	0.564814814815 		0.546268656716
3 		0.601 			0.558641975309 		0.996181063934 		0.536296296296 	0.558641975309 		0.54724111867
3 		0.602 			0.523148148148 		0.996425085408 		0.536392405063 	0.523148148148 		0.5296875
3 		0.603 			0.537037037037 		0.996669106881 		0.56038647343 	0.537037037037 		0.548463356974
3 		0.604 			0.518518518519 		0.996681307955 		0.552631578947 	0.518518518519 		0.535031847134
3 		0.605 			0.506172839506 		0.996522693997 		0.535073409462 	0.506172839506 		0.520222045995
3 		0.606 			0.506172839506 		0.996827720839 		0.557823129252 	0.506172839506 		0.53074433657
3 		0.607 			0.513888888889 		0.997035139092 		0.578125 	0.513888888889 		0.544117647059
3 		0.608 			0.50462962963 		0.996974133724 		0.568695652174 	0.50462962963 		0.534750613246
3 		0.609 			0.472222222222 		0.996998535871 		0.554347826087 	0.472222222222 		0.51
3 		0.610 			0.493827160494 		0.997120546608 		0.575539568345 	0.493827160494 		0.531561461794

MAX_TREE_DEPTH = 2

N_ESTIMATORS	PRUNING_THRESHOLD	ACCURACY_POSITIVE	ACCURACY_NEGATIVE	PRECISION	RECALL			F1_SCORE

50 		0.50 			0.893518518519 		0.969863347975 		0.18989832732 	0.893518518519 		0.313226940763
50 		0.51 			0.881172839506 		0.972510980966 		0.202195467422 	0.881172839506 		0.328917050691
50 		0.52 			0.876543209877 		0.97635431918 		0.226656025539 	0.876543209877 		0.360177552315
50 		0.53 			0.850308641975 		0.979099560761 		0.243374558304 	0.850308641975 		0.378434065934
50 		0.54 			0.853395061728 		0.98163738409 		0.268707482993 	0.853395061728 		0.408721359941
50 		0.55 			0.83950617284 		0.983711566618 		0.28951569984 	0.83950617284 		0.430550059359
50 		0.56 			0.816358024691 		0.985810151293 		0.312647754137 	0.816358024691 		0.452136752137
50 		0.57 			0.804012345679 		0.987225475842 		0.332270408163 	0.804012345679 		0.470216606498
50 		0.58 			0.79475308642 		0.988469985359	 	0.352739726027 	0.79475308642 		0.488614800759
50 		0.59 			0.774691358025 		0.98897022938 		0.357041251778 	0.774691358025 		0.488802336904
50 		0.60 			0.770061728395 		0.99055636896 		0.391987431265 	0.770061728395 		0.519521082769

100 		0.50 			0.882716049383 		0.970632015617 		0.19201074186 	0.882716049383 		0.31541218638
100 		0.51 			0.868827160494 		0.976573938507 		0.226741844543 	0.868827160494 		0.359629511338
100 		0.53 			0.833333333333 		0.985163494388 		0.307517084282 	0.833333333333 		0.44925124792
100 		0.54 			0.808641975309 		0.987957540264 		0.346790205162 	0.808641975309 		0.485409911996
100 		0.55 			0.773148148148 		0.989934114202 		0.377828054299 	0.773148148148 		0.507598784195
100 		0.56 			0.736111111111 		0.991849682772 		0.416593886463 	0.736111111111 		0.532069157836
100 		0.57 			0.706790123457 		0.992935578331 		0.441658630665 	0.706790123457 		0.543620178042
100 		0.58 			0.672839506173 		0.994070278184 		0.472885032538 	0.672839506173 		0.555414012739
100 		0.59 			0.604938271605 		0.994924353343 		0.485148514851 	0.604938271605 		0.538461538462
100 		0.60 			0.54475308642 		0.996290873597 		0.537290715373 	0.54475308642 		0.540996168582

200 		0.50 			0.861111111111 		0.974304538799 		0.209459459459 	0.861111111111	 	0.336956521739
200 		0.51 			0.841049382716 		0.982955100049 		0.280638516993 	0.841049382716 		0.420849420849
200 		0.52 			0.800925925926 		0.987994143485 		0.345309381238 	0.800925925926 		0.482566248257
200 		0.53 			0.734567901235 		0.99167886774 		0.411053540587 	0.734567901235 		0.527131782946
200 		0.54 			0.677469135802 		0.994326500732 		0.485619469027 	0.677469135802 		0.565721649485
200 		0.55 			0.564814814815 		0.995876037091 		0.519886363636 	0.564814814815 		0.541420118343
200 		0.56 			0.425925925926 		0.997791605661 		0.603938730853 	0.425925925926 		0.499547511312
200 		0.57 			0.25 			0.999048316252 		0.675 		0.25 			0.364864864865
200 		0.58 			0.0925925925926 	0.999755978526 		0.75 		0.0925925925926 	0.164835164835
200 		0.59 			0.0185185185185 	0.999914592484 		0.631578947368 	0.0185185185185 	0.0359820089955
200 		0.60 			0.00154320987654 	0.999987798926 		0.5 		0.00154320987654 	0.00307692307692

300 		0.50 			0.853395061728 		0.976891166423 		0.225991009399 	0.853395061728 		0.357350565428
300 		0.51 			0.802469135802 		0.986505612494 		0.319803198032 	0.802469135802 		0.457343887423
300 		0.52 			0.728395061728 		0.991935090288 		0.416593115622 	0.728395061728 		0.530039303762
300 		0.53 			0.603395061728 		0.995461200586 		0.5124508519	0.603395061728 		0.55421686747
300 		0.54 			0.429012345679		0.997901415325 		0.617777777778 	0.429012345679 		0.506375227687
300 		0.56 			0.0354938271605 	0.999914592484 		0.766666666667 	0.0354938271605	 	0.0678466076696
300 		0.57 			0.00154320987654 	0.999975597853 		0.333333333333 	0.00154320987654 	0.00307219662058
300 		0.58 			0.0 			1.0 			nan 		0.0 			nan
300 		0.59 			0.0 			1.0 			nan 		0.0 			nan
300 		0.60 			0.0 			1.0 			nan 		0.0 			nan

BEST - FINE GRAINED SEARCH (MAX_TREE_DEPTH = 2)

N_ESTIMATORS	PRUNING_THRESHOLD	ACCURACY_POSITIVE	ACCURACY_NEGATIVE	PRECISION	RECALL			F1_SCORE

200 		0.530 			0.746913580247 		0.991654465593 		0.414383561644 	0.746913580247 		0.533039647577
200 		0.531 			0.737654320988	 	0.992081503172 		0.42413487134 	0.737654320988 		0.538591549296
200 		0.532 			0.728395061728 		0.992398731088 		0.431050228311 	0.728395061728 		0.541594951234
200 		0.533 			0.706790123457 		0.992642752562 		0.431668237512 	0.706790123457 		0.5359859567
200 		0.534 			0.70524691358 		0.992850170815 		0.43815915628 	0.70524691358 		0.540508574808
200 		0.535 			0.692901234568 		0.993057589068 		0.441060903733 	0.692901234568 		0.539015606242
200 		0.536 			0.70524691358 		0.993338213763 		0.455633100698 	0.70524691358 		0.553603876439
200 		0.537 			0.680555555556 		0.993606637384 		0.456994818653 	0.680555555556 		0.546807191569
200 		0.538 			0.662037037037 		0.993655441679 		0.452054794521 	0.662037037037 		0.537257357545
200 		0.539 			0.666666666667 		0.994094680332 		0.471615720524 	0.666666666667 		0.552429667519
200 		0.540 			0.66049382716 		0.994375305027 		0.481439820022 	0.66049382716 		0.556929082628
200 		0.541 			0.654320987654	 	0.994241093216 		0.473214285714 	0.654320987654 		0.549222797927
200 		0.542 			0.651234567901 		0.994570522206 		0.486735870819 	0.651234567901 		0.557095709571
200 		0.542	 		0.651234567901 		0.994570522206	 	0.486735870819 	0.651234567901 		0.557095709571
200 		0.543 			0.634259259259 		0.994643728648 		0.483529411765 	0.634259259259 		0.54873164219
200 		0.544 			0.641975308642 		0.994973157638 		0.502415458937 	0.641975308642 		0.563685636856
200 		0.545 			0.615740740741 		0.995095168375 		0.498127340824	0.615740740741 		0.550724637681
200 		0.546 			0.587962962963 		0.995326988775 		0.498691099476 	0.587962962963 		0.539660056657
200 		0.547 			0.609567901235 		0.995656417765 		0.525965379494 	0.609567901235 		0.564689063617
200 		0.549 			0.563271604938 		0.995924841386 		0.52217453505 	0.563271604938 		0.541945063103
200 		0.550 			0.555555555556 		0.996229868228 		0.538116591928 	0.555555555556 		0.546697038724





